-5.078894182791802991e-03
-6.945433492176938950e-03
-1.568126591248515406e-03
4.878130260234210753e-04
-2.673190259776775813e-03
4.498142364657361711e-03
5.035020399814502112e-03
-4.288109470709985764e-03
1.247390575794424077e-02
1.891555927026330325e-02
3.683331726056074396e-03
8.978910172277461063e-03
9.498528345738301709e-03
1.079054981304631081e-02
1.060559181088562355e-02
-8.176243194843916748e-03
1.551911410612364511e-02
-5.293883207161923128e-03
6.672781052763452486e-03
8.110741274463146092e-03
8.214810808085120861e-03
5.981875818286889850e-04
-7.220224492851695132e-03
-9.767644360590858194e-03
2.608539232827453060e-04
-8.318230560440086074e-03
-2.736074113654320995e-03
-9.855853751752683897e-03
-1.617349311113810625e-02
1.141523500722080526e-04
-1.436865737251416357e-02
1.595710196393130068e-02
5.789388048938154223e-03
-1.068160009385771096e-02
-2.921469151721324629e-03
-1.307002807736138859e-03
-8.819266478467037776e-03
-5.286175580196643062e-03
8.284002881628085152e-03
-2.978032196813164972e-03
1.939044592256015387e-01
8.811557852086421283e-02
-5.990368902748555158e-02
9.290203022826523660e-02
7.528759212918025023e-02
-8.829574221455616101e-02
5.537882741149304650e-02
-5.230181496412722453e-01
-7.077249712348462896e-02
-6.085915697954403375e-02
-1.715152147150255935e-01
-1.983384716870839337e-01
7.807369528437255179e-02
1.577966444278935954e-01
1.173717083485147500e-01
2.020742503587781222e-02
-1.563425764655570344e-02
-1.448506089494741751e-02
4.808665827214098770e-02
-9.522332358050952794e-02
7.166978994303924155e-02
7.094179501496281071e-02
-1.157260663408029022e-01
2.060790696699097216e-02
-5.638730037283231841e-03
-1.824012345544604244e-02
3.640623390005291032e-02
-4.559665033486687974e-02
-1.227901612437840156e-01
-1.490564273654243488e-01
-8.881195729811605655e-02
-3.498891355820011317e-01
9.312006973193270865e-02
6.342751945239873124e-02
-8.259680598303116572e-02
1.448739322872277246e-01
7.842401538322592291e-02
3.148841952235417740e-02
-1.138658623043464491e-01
-5.094011702942774500e-01
3.974935984036399167e-02
-1.723416994846774797e-01
-1.060119212484519902e-01
9.893705402484784250e-02
-8.267570160512104083e-02
4.826049734678957565e-02
1.841602887289977009e-01
-4.739430418413983354e-02
-3.096284084032231709e-02
1.092587470465339848e-02
9.221622833789717977e-02
-1.127603424830067071e-02
2.248367409968988484e-01
-4.365114164526600476e-02
-2.182234286974105153e-01
-7.578608451219794040e-02
1.278839241433085139e-01
-2.383966516150670956e-01
-8.145915199474478702e-03
-6.722364227544982973e-02
-1.562586726994446285e-01
-9.323495848291435406e-02
-1.650430485872120823e-01
-2.657375344118043103e-01
-8.164073003296112852e-02
-3.259543931419085078e-02
-3.239019962743886483e-01
-2.403535243452771183e-02
1.946076525264802543e-02
2.969425898977366696e-02
-1.199575661061177551e-01
-5.167470765548413114e-01
1.526065211296207536e-01
-1.875869870898200509e-01
-4.469476590248255138e-02
7.414777479501534485e-02
-5.839548342064457970e-02
-1.558492824420705525e-01
1.740146692429344333e-01
-6.801655824641103520e-02
-8.461070353102885522e-02
4.026094464509896026e-02
-3.513148151171911066e-02
-5.581681642275843763e-02
5.520880058919782826e-03
-1.209112695639211754e-01
-5.531545275485670599e-02
8.425659871266037715e-02
4.156054599667456662e-02
-9.561049316934754072e-02
-7.893626299015775449e-02
2.131360905024703642e-02
-1.756737567861409166e-01
1.050035351108809245e-01
-2.426754235211490418e-01
-1.688747864329042392e-01
-9.104373942354391375e-03
-6.973568002077461248e-02
3.583449068087851686e-02
-1.130459128039396355e-01
-1.423804422796982536e-02
-2.847154437057862822e-02
2.077174792429206229e-03
-5.309726934150299504e-01
7.673971230916230846e-02
-1.441461560758075522e-01
-3.899974355001481485e-02
3.373898248564107666e-02
1.373572825077383208e-01
-1.499751490673895682e-01
1.757910087757395823e-01
-1.606030211252008066e-01
-9.018261213406236765e-02
2.479947356517516258e-02
-4.930365464966397077e-02
-7.374405643459393256e-02
4.532740214214679708e-02
-1.180902986276405747e-01
4.382730157872139626e-02
1.764895544206601385e-01
3.209474751901664896e-02
1.891423384538429286e-01
-3.607016928662806765e-02
7.653020607149065013e-02
-2.052912641018544426e-01
8.606941625301318954e-02
-3.105103187853289759e-01
-4.760555385633971626e-02
2.794925577764446889e-02
-6.258612129983744110e-02
2.573125703133731235e-01
3.451728320855156941e-03
6.156284635522334125e-03
-5.150510529607920523e-02
7.013405260565491739e-02
-5.672441176757008208e-01
1.675117097362809615e-01
-1.275588254338805849e-01
-4.432030701330489514e-02
1.160127123150175160e-01
8.218175522978167502e-02
3.324179343121150959e-02
1.319125323511552150e-01
-2.363693694618924923e-01
-8.789070701593494628e-03
-3.486588158690714229e-02
-1.192469884930400237e-01
9.089409575111417894e-02
-4.608983758842933459e-02
3.636158103722855750e-02
5.883552916761950607e-02
-3.393396592626329866e-02
-9.323807746383398765e-02
1.294783683582575451e-01
6.604138727405738096e-02
1.570495234664209816e-02
-2.005486313234570439e-01
-2.578488915318730146e-02
-2.276091803089226040e-01
5.145764912337466579e-03
-6.909858446598241000e-02
-2.971881059228503527e-02
1.753085810777528855e-02
-1.639759700871166181e-01
-2.029368814520726427e-01
-6.187658190680590115e-02
6.774480493154523553e-02
-5.684726120430885210e-01
1.159235272986123277e-01
-8.073627697046914520e-02
-1.039144056530978827e-01
1.620832898790672827e-01
-3.220141921858692829e-02
2.611110035176457678e-01
6.136161291085401315e-02
-1.138703899670087533e-01
-2.186192114206801998e-02
-9.151605706690886521e-02
5.700224100391667464e-03
1.493876936494753227e-01
-4.061709080736079780e-02
1.420827222831215764e-01
1.014612411960918448e-01
-1.286101368556610558e-01
-2.684209512785392659e-01
-7.341893037795693688e-02
6.867898624310457556e-02
2.016349839353532084e-02
-1.764793831473376040e-01
-1.985608637382120858e-02
-1.190427737568604816e-01
-6.714517160274044438e-02
-1.962206755566927030e-01
4.199981285569467232e-02
1.059644854539798370e-01
-1.106944047362581479e-01
-1.282118507987168865e-01
-4.445195892137109028e-02
-4.683530112653016240e-03
-5.779985867493612206e-01
-8.279415890028371527e-02
-7.007930746188358387e-03
-1.289064691322141520e-01
4.899062644221648805e-02
-8.393692408781469605e-02
1.500106001355908103e-01
8.166901781671415811e-03
-6.525504331652081345e-03
-5.834060781721780303e-02
-3.839499054901828606e-02
3.392982013677592890e-01
1.152708693392544108e-02
-1.264667926489062844e-01
4.855859348211204879e-02
-1.671963988241462543e-02
-3.958800379220038523e-02
-1.278722088903674059e-01
-1.500704162104637106e-02
-8.766977382181377620e-02
8.075972057681478355e-02
-1.502873861598732208e-01
1.297054095666157481e-01
-2.782102975696580660e-02
-1.872560006422367695e-01
-4.023262213041819968e-02
7.425972830569897709e-02
1.967838703725787938e-02
9.803777771601958346e-02
9.003265303474418391e-02
-1.047207780003006905e-01
6.085829238206671293e-02
-5.611818369766391479e-01
-4.831709045601249169e-02
-7.096234739620565189e-03
-1.633741313510035098e-01
-2.196277318675328161e-01
-8.100408824795049881e-03
7.668210988063223210e-02
2.808396743055126960e-02
-2.405250616502314313e-03
-1.988335743307444864e-02
-6.238074821562911154e-03
1.882977378080256947e-01
-7.372525882279912235e-02
-2.559217033484648685e-01
9.266742954587951775e-02
-6.954016107715658979e-02
2.781129201341029852e-02
-8.532056795349879375e-02
9.067761531237850114e-02
-7.317616088572451161e-02
3.287181930771837512e-02
-1.291460667949385632e-01
5.945457431955191580e-02
1.878230744866964163e-03
-3.358083790484848175e-01
0.000000000000000000e+00
0.000000000000000000e+00
0.000000000000000000e+00
0.000000000000000000e+00
0.000000000000000000e+00
0.000000000000000000e+00
0.000000000000000000e+00
0.000000000000000000e+00
0.000000000000000000e+00
0.000000000000000000e+00
0.000000000000000000e+00
0.000000000000000000e+00
0.000000000000000000e+00
0.000000000000000000e+00
0.000000000000000000e+00
0.000000000000000000e+00
0.000000000000000000e+00
0.000000000000000000e+00
0.000000000000000000e+00
0.000000000000000000e+00
0.000000000000000000e+00
0.000000000000000000e+00
0.000000000000000000e+00
0.000000000000000000e+00
0.000000000000000000e+00
0.000000000000000000e+00
0.000000000000000000e+00
0.000000000000000000e+00
0.000000000000000000e+00
0.000000000000000000e+00
0.000000000000000000e+00
0.000000000000000000e+00
0.000000000000000000e+00
0.000000000000000000e+00
0.000000000000000000e+00
0.000000000000000000e+00
0.000000000000000000e+00
0.000000000000000000e+00
0.000000000000000000e+00
0.000000000000000000e+00
0.000000000000000000e+00
0.000000000000000000e+00
0.000000000000000000e+00
0.000000000000000000e+00
0.000000000000000000e+00
0.000000000000000000e+00
0.000000000000000000e+00
0.000000000000000000e+00
0.000000000000000000e+00
0.000000000000000000e+00
0.000000000000000000e+00
0.000000000000000000e+00
0.000000000000000000e+00
0.000000000000000000e+00
0.000000000000000000e+00
0.000000000000000000e+00
0.000000000000000000e+00
0.000000000000000000e+00
0.000000000000000000e+00
0.000000000000000000e+00
0.000000000000000000e+00
0.000000000000000000e+00
0.000000000000000000e+00
0.000000000000000000e+00
0.000000000000000000e+00
0.000000000000000000e+00
0.000000000000000000e+00
0.000000000000000000e+00
0.000000000000000000e+00
0.000000000000000000e+00
0.000000000000000000e+00
0.000000000000000000e+00
0.000000000000000000e+00
0.000000000000000000e+00
0.000000000000000000e+00
0.000000000000000000e+00
0.000000000000000000e+00
0.000000000000000000e+00
0.000000000000000000e+00
0.000000000000000000e+00
0.000000000000000000e+00
0.000000000000000000e+00
0.000000000000000000e+00
0.000000000000000000e+00
0.000000000000000000e+00
0.000000000000000000e+00
0.000000000000000000e+00
0.000000000000000000e+00
0.000000000000000000e+00
0.000000000000000000e+00
0.000000000000000000e+00
0.000000000000000000e+00
0.000000000000000000e+00
0.000000000000000000e+00
0.000000000000000000e+00
0.000000000000000000e+00
0.000000000000000000e+00
0.000000000000000000e+00
0.000000000000000000e+00
0.000000000000000000e+00
0.000000000000000000e+00
0.000000000000000000e+00
0.000000000000000000e+00
0.000000000000000000e+00
0.000000000000000000e+00
0.000000000000000000e+00
0.000000000000000000e+00
0.000000000000000000e+00
0.000000000000000000e+00
0.000000000000000000e+00
0.000000000000000000e+00
0.000000000000000000e+00
0.000000000000000000e+00
0.000000000000000000e+00
0.000000000000000000e+00
0.000000000000000000e+00
0.000000000000000000e+00
0.000000000000000000e+00
0.000000000000000000e+00
0.000000000000000000e+00
0.000000000000000000e+00
0.000000000000000000e+00
0.000000000000000000e+00
0.000000000000000000e+00
0.000000000000000000e+00
0.000000000000000000e+00
0.000000000000000000e+00
0.000000000000000000e+00
0.000000000000000000e+00
0.000000000000000000e+00
0.000000000000000000e+00
0.000000000000000000e+00
0.000000000000000000e+00
0.000000000000000000e+00
0.000000000000000000e+00
0.000000000000000000e+00
0.000000000000000000e+00
0.000000000000000000e+00
0.000000000000000000e+00
0.000000000000000000e+00
0.000000000000000000e+00
0.000000000000000000e+00
0.000000000000000000e+00
0.000000000000000000e+00
0.000000000000000000e+00
0.000000000000000000e+00
0.000000000000000000e+00
0.000000000000000000e+00
0.000000000000000000e+00
0.000000000000000000e+00
0.000000000000000000e+00
0.000000000000000000e+00
0.000000000000000000e+00
0.000000000000000000e+00
0.000000000000000000e+00
0.000000000000000000e+00
0.000000000000000000e+00
0.000000000000000000e+00
0.000000000000000000e+00
0.000000000000000000e+00
0.000000000000000000e+00
0.000000000000000000e+00
0.000000000000000000e+00
0.000000000000000000e+00
0.000000000000000000e+00
0.000000000000000000e+00
0.000000000000000000e+00
0.000000000000000000e+00
0.000000000000000000e+00
0.000000000000000000e+00
0.000000000000000000e+00
0.000000000000000000e+00
0.000000000000000000e+00
0.000000000000000000e+00
0.000000000000000000e+00
0.000000000000000000e+00
0.000000000000000000e+00
0.000000000000000000e+00
0.000000000000000000e+00
0.000000000000000000e+00
0.000000000000000000e+00
0.000000000000000000e+00
0.000000000000000000e+00
0.000000000000000000e+00
0.000000000000000000e+00
0.000000000000000000e+00
0.000000000000000000e+00
0.000000000000000000e+00
0.000000000000000000e+00
0.000000000000000000e+00
0.000000000000000000e+00
0.000000000000000000e+00
0.000000000000000000e+00
0.000000000000000000e+00
0.000000000000000000e+00
0.000000000000000000e+00
0.000000000000000000e+00
0.000000000000000000e+00
0.000000000000000000e+00
0.000000000000000000e+00
0.000000000000000000e+00
0.000000000000000000e+00
0.000000000000000000e+00
0.000000000000000000e+00
0.000000000000000000e+00
0.000000000000000000e+00
0.000000000000000000e+00
0.000000000000000000e+00
0.000000000000000000e+00
0.000000000000000000e+00
0.000000000000000000e+00
0.000000000000000000e+00
0.000000000000000000e+00
0.000000000000000000e+00
0.000000000000000000e+00
0.000000000000000000e+00
0.000000000000000000e+00
0.000000000000000000e+00
0.000000000000000000e+00
0.000000000000000000e+00
0.000000000000000000e+00
0.000000000000000000e+00
0.000000000000000000e+00
0.000000000000000000e+00
0.000000000000000000e+00
0.000000000000000000e+00
0.000000000000000000e+00
0.000000000000000000e+00
0.000000000000000000e+00
0.000000000000000000e+00
0.000000000000000000e+00
0.000000000000000000e+00
0.000000000000000000e+00
0.000000000000000000e+00
0.000000000000000000e+00
0.000000000000000000e+00
0.000000000000000000e+00
0.000000000000000000e+00
0.000000000000000000e+00
0.000000000000000000e+00
0.000000000000000000e+00
0.000000000000000000e+00
0.000000000000000000e+00
0.000000000000000000e+00
0.000000000000000000e+00
0.000000000000000000e+00
0.000000000000000000e+00
0.000000000000000000e+00
0.000000000000000000e+00
0.000000000000000000e+00
0.000000000000000000e+00
0.000000000000000000e+00
0.000000000000000000e+00
0.000000000000000000e+00
0.000000000000000000e+00
0.000000000000000000e+00
0.000000000000000000e+00
0.000000000000000000e+00
0.000000000000000000e+00
0.000000000000000000e+00
0.000000000000000000e+00
0.000000000000000000e+00
0.000000000000000000e+00
0.000000000000000000e+00
0.000000000000000000e+00
0.000000000000000000e+00
0.000000000000000000e+00
0.000000000000000000e+00
0.000000000000000000e+00
0.000000000000000000e+00
0.000000000000000000e+00
0.000000000000000000e+00
0.000000000000000000e+00
0.000000000000000000e+00
0.000000000000000000e+00
0.000000000000000000e+00
0.000000000000000000e+00
0.000000000000000000e+00
0.000000000000000000e+00
0.000000000000000000e+00
0.000000000000000000e+00
0.000000000000000000e+00
0.000000000000000000e+00
0.000000000000000000e+00
0.000000000000000000e+00
0.000000000000000000e+00
0.000000000000000000e+00
0.000000000000000000e+00
0.000000000000000000e+00
0.000000000000000000e+00
0.000000000000000000e+00
0.000000000000000000e+00
0.000000000000000000e+00
0.000000000000000000e+00
0.000000000000000000e+00
0.000000000000000000e+00
