2.646698464571970999e-01
2.786534631397522555e-01
3.002754524170095918e-01
3.277160582578088621e-01
3.588648916205613992e-01
3.942959958317194258e-01
4.287331207950960121e-01
4.607101795052114812e-01
4.933087463773007664e-01
5.209865046942113720e-01
5.433194997604922083e-01
5.609704648460780430e-01
5.732869291287479019e-01
5.804071307420560766e-01
5.877372548951836917e-01
5.892078534266368406e-01
5.904053365943742193e-01
5.891047257803172510e-01
5.877997621154132935e-01
5.881500328897925067e-01
5.901246535855122488e-01
5.937134534139545394e-01
5.987569733413417028e-01
6.076368186398367621e-01
6.130959837281549918e-01
6.201270714316020616e-01
6.306687056398073699e-01
6.393377106683707511e-01
6.481420170946143866e-01
6.582566346150473535e-01
6.692310756989081622e-01
6.790879719846985019e-01
6.911201805320227320e-01
7.060244670246988985e-01
7.225821867892056050e-01
7.414207023048356993e-01
7.618826823233768586e-01
7.834773643403373233e-01
8.076332357817623819e-01
8.303168474974162994e-01
8.532267856775880288e-01
