5.682154724945340241e-02
1.123645016860956997e-01
1.641416476759222920e-01
1.745811769752070863e-01
1.207894136363210913e-01
1.752666101183979752e-01
4.066179605436662237e-02
2.345111863824528298e-01
2.769877540114912828e-01
2.427398348730455402e-01
5.977942306471848433e-01
3.430207778984273315e-01
3.177965543030399909e-01
5.118989122865407193e-01
3.214313267053794387e-01
4.465555228435609258e-01
8.782408504062392263e-01
8.551182616449634066e-01
9.090836898897300955e-01
1.107126602981702845e+00
1.199784904669212615e+00
1.268873284911225641e+00
1.482156103018107629e+00
2.099893079936788531e+00
1.608488766779907264e+00
1.212226969885910055e+00
1.357854247477331411e+00
1.092303905301112543e+00
6.982677426761201289e-01
6.667662512507041006e-01
5.815249629674067444e-01
1.937789778847204547e-01
1.642973579209015822e-01
3.238283461158696919e-01
5.653179128097097772e-01
7.486408934109077817e-01
8.780264162642781312e-01
7.326133117109556725e-01
1.215491838707417373e-02
2.393846309732466648e-01
9.407371177974811483e-01
