9.287637847453167339e-01
9.150293190363021356e-01
8.935036736023268533e-01
8.658834772221121190e-01
8.340635980423047879e-01
7.985569960300052950e-01
7.637694193150443844e-01
7.310622238159270037e-01
6.993687192797040098e-01
6.712521425080421045e-01
6.506299621079428830e-01
6.313682477181556951e-01
6.188227604246575586e-01
6.123283368543256389e-01
6.034776129894542374e-01
6.017716768697907170e-01
5.999205705226318130e-01
6.014492445009675947e-01
6.021999925237669915e-01
6.010301073988294496e-01
5.989723097922804440e-01
5.952984446299154353e-01
5.890011225734753664e-01
5.787473850962934208e-01
5.737549037764674287e-01
5.671515885047571093e-01
5.567238580784636959e-01
5.481165088530007834e-01
5.397403677300585123e-01
5.288707812297055444e-01
5.176029887199233848e-01
5.068931068914447335e-01
4.946462589723174541e-01
4.797552023356230766e-01
4.633999389812930025e-01
4.448720892243178127e-01
4.243952488758955255e-01
4.015449516745950853e-01
3.760541798413306602e-01
3.545977017853081947e-01
3.297940471132415619e-01
