1.947984538968635104e-01
4.560420891060210091e-01
6.034186298693384742e-01
5.111956713782834782e-01
1.367478234388949665e-01
2.053313181124395426e-01
1.476289536086834997e-01
7.293991483116194496e-01
5.446355724425399059e-01
5.410064760113666438e-01
6.153383061464446913e-01
5.789599100535002263e-01
5.719500784729216747e-01
6.555845604114898251e-01
4.867317615148274851e-02
3.934455249228481499e-02
3.730358229954913729e-01
3.909836567677479890e-01
3.546700975463861205e-01
4.203089486259635743e-01
4.978723388912370540e-01
5.445334932377813297e-01
5.326279690141890732e-01
8.884246153311777805e-01
4.560683863712955421e-01
1.277321153069946313e-01
2.557823162283061058e-01
9.438513957569165391e-03
2.722493415488577151e-01
4.189970646459875159e-01
5.328997567299484928e-01
9.454705037725965600e-01
1.213817743887346756e+00
1.288517432014155473e+00
1.374448989090001572e+00
1.391185158892692675e+00
1.405771210237025004e+00
1.427382735891991494e+00
1.199525741950336455e+00
1.116996182689654837e+00
8.476616736415583109e-01
