9.954680437722522868e-01
9.954711698740488224e-01
9.954545663177263304e-01
9.954349602062083635e-01
9.953586983679989508e-01
9.952674047101948140e-01
9.952199483475687725e-01
9.951501861096748724e-01
9.951133267217233680e-01
9.951611411329435164e-01
9.951579741672175183e-01
9.952958561165943241e-01
9.952426719850248071e-01
9.952399751156791874e-01
9.952800691794184695e-01
9.951926024599688780e-01
9.951958806618728115e-01
9.951802375110591070e-01
9.952123104945267418e-01
9.952291533472115148e-01
9.952017678104627674e-01
9.952028564623569551e-01
9.952102159656283087e-01
9.952192527951662093e-01
9.951821146746039348e-01
9.951614073729536658e-01
9.951836325399902039e-01
9.951912374185855059e-01
9.951958109739342806e-01
9.951983543630630313e-01
9.952040639171088054e-01
9.952192591825962387e-01
9.951499243237766912e-01
9.951154948126302857e-01
9.951014065703558398e-01
9.951163865610775927e-01
9.951270232053308629e-01
9.951272344025771099e-01
9.950431923649426524e-01
9.949429506773326271e-01
9.949624088909559960e-01
