9.998153106161716819e-01
9.998024900685612559e-01
9.997668137057189597e-01
9.996144374468893812e-01
9.994693579335646172e-01
9.993158617286637124e-01
9.991258296987265419e-01
9.988320414965472516e-01
9.986710329783456963e-01
9.984425181211220579e-01
9.983069747754764744e-01
9.978916265367823168e-01
9.976851003382569694e-01
9.974946888900064756e-01
9.976002140167957721e-01
9.972292164720509833e-01
9.970357287095280574e-01
9.969928729764584441e-01
9.964626940622635098e-01
9.960748724746653071e-01
9.960589858773862826e-01
9.959173823856878327e-01
9.951312584992377808e-01
9.946590120193778972e-01
9.948682827940925621e-01
9.945930412836789802e-01
9.942866052256106313e-01
9.942463753018329076e-01
9.942006572660690988e-01
9.936668234945446043e-01
9.929972914999831701e-01
9.927220771286656698e-01
9.927707520883524150e-01
9.926550501102970880e-01
9.925659712315252348e-01
9.926725553385959966e-01
9.925965464738720767e-01
9.911300149411409466e-01
9.897800518994631647e-01
9.898383599472936334e-01
9.890197471991238887e-01
