9.998175544059521025e-01
9.999782769423725126e-01
9.999823982804746381e-01
9.999260856190728131e-01
9.999323103934703028e-01
9.999406266165647983e-01
9.998277329089791943e-01
9.997723933549811370e-01
9.998898494246265534e-01
9.997745432498112983e-01
9.998110562543209845e-01
9.994481755003509216e-01
9.999042332719232373e-01
9.998492209386656837e-01
9.998253064915820776e-01
9.997476576944698268e-01
9.997106999512666015e-01
9.999652847512995324e-01
9.998388199717263003e-01
9.998579905235907006e-01
9.999278373379593132e-01
9.999726327879665533e-01
9.993934219303539646e-01
9.997066376250555164e-01
9.998995875169700565e-01
9.996418136023057510e-01
9.996120453494408142e-01
9.999825052133222147e-01
9.999385164148802962e-01
9.995820043477672279e-01
9.996254317708448411e-01
9.995623816319081367e-01
9.996875006751967385e-01
9.998419574698039769e-01
9.999685387920316249e-01
9.998355085398324960e-01
9.999187655205475922e-01
9.991254112312556446e-01
9.991498514460015468e-01
9.996381874361346398e-01
9.996628460755004886e-01
