1.931655171095524384e-02
4.008892776325143938e-03
8.312293726254123575e-04
1.846314622582027887e-02
6.233139444183404682e-02
1.092331164018353444e-02
1.610070020457039439e-02
1.372493466164794416e-02
2.642724762889167925e-02
9.366355424384405909e-03
2.254850627075940736e-02
2.855012703581940106e-02
4.685399933482198992e-02
1.579524167803016479e-02
4.113870703612319824e-03
8.797776317974961846e-02
1.245542198640393755e-01
1.755215393775811650e-01
1.419127658270705472e-01
8.752841787946624708e-02
4.281297979134768977e-02
2.926461315644747832e-02
1.134782612311176359e-01
1.523516695323456072e-01
2.007255091646275580e-01
1.847724289337636105e-01
1.564944072802525732e-01
1.552147456182988994e-01
2.238539085668033446e-01
2.400348217308784504e-01
2.189379029333094195e-01
1.981181678416585046e-01
1.685147608483243964e-01
1.282892853861825611e-01
5.976327229456676604e-02
2.017232012823955839e-02
3.251163102073549582e-02
7.529398471844477025e-02
1.144565185164170412e-01
1.495565393312729419e-01
1.771635637653356798e-01
