2.642063017540363656e-01
2.773773348287378870e-01
2.984768832752327516e-01
3.259891093466226741e-01
3.581514418281371293e-01
3.935310235742425222e-01
4.292978596987768736e-01
4.640315897979781501e-01
4.958791124962877994e-01
5.237713441377456203e-01
5.465601835042644963e-01
5.640760814394663036e-01
5.763145528118455152e-01
5.841450185852968824e-01
5.879992740668763540e-01
5.884579553875601832e-01
5.874784567373321220e-01
5.857804144121835366e-01
5.848911651494944630e-01
5.851756886865134843e-01
5.869497432221327804e-01
5.906708010130619080e-01
5.962605817172567102e-01
6.032035546179492780e-01
6.115375941255788428e-01
6.204803426172729175e-01
6.300441254353016385e-01
6.402696251316923881e-01
6.513662486559818054e-01
6.626130088113593164e-01
6.742895636260399783e-01
6.869280709255629613e-01
7.007911473454920825e-01
7.161580419797771713e-01
7.330899732758586751e-01
7.520324275850249762e-01
7.724944869348878695e-01
7.942240702767879856e-01
8.165030106947885891e-01
8.384404016352077216e-01
8.589965633424331282e-01
