9.292603298751369589e-01
9.160403380140237362e-01
8.949197321380368830e-01
8.674023814435933843e-01
8.351226599395861205e-01
7.996917517124607633e-01
7.639313711216613179e-01
7.293020305016612026e-01
6.974495627656439600e-01
6.696775590164325553e-01
6.468020324604081273e-01
6.292700960861887793e-01
6.169129717352092035e-01
6.089064102726162719e-01
6.049534737708407439e-01
6.044664848540982627e-01
6.053989296506416817e-01
6.073847111551421429e-01
6.083051320913113180e-01
6.079424760548871598e-01
6.062160940907422857e-01
6.025933205663592807e-01
5.969461406974545525e-01
5.899998784633749827e-01
5.815396069343805596e-01
5.727802689877583564e-01
5.632702810001022353e-01
5.531336710757153163e-01
5.420459121829611648e-01
5.307726222007721484e-01
5.191687698454792166e-01
5.065536384563424921e-01
4.926709419857405736e-01
4.773104556862572401e-01
4.603342061167746690e-01
4.414558114281492140e-01
4.209547056969951129e-01
3.991765334464149051e-01
3.769773673759249100e-01
3.551273261974990381e-01
3.346173950078275006e-01
