3.388909872151557416e-03
1.998316660578874134e-03
5.917989993830563220e-03
5.292784729843274822e-04
6.033368835946528036e-03
3.341489004466392798e-02
1.946613804428272421e-02
6.825475123660790060e-03
1.814974684676599719e-03
7.596357031839248881e-03
5.935107276213880123e-03
9.562651737447198930e-03
8.199355456772071740e-03
4.980029051854407279e-02
7.765809123951315784e-02
7.428876629788748335e-04
2.691996704748940775e-02
1.233036831333523681e-01
9.550595052811096386e-02
3.022739969128208914e-02
4.925918549461227869e-03
5.900733120519519731e-02
1.532519204980961613e-01
1.964368706766867478e-01
2.735133213979114575e-01
2.318104088043815014e-01
1.979377204171371696e-01
1.869563225025466791e-01
2.740923953098471921e-01
3.095598779043666759e-01
2.807779133232218838e-01
2.606196218059285141e-01
2.356980618983187670e-01
1.874039281912648902e-01
9.999594293613879581e-02
2.503170420798855531e-02
6.021517401611683334e-02
1.384657410722884840e-01
2.576779830888703549e-01
3.891014083134845536e-01
5.080376288796322193e-01
