9.954680437722522868e-01
9.954803323989032116e-01
9.954619596363346590e-01
9.954442068648092778e-01
9.954256926605250522e-01
9.953961852889200435e-01
9.953743163084125545e-01
9.953629546056736999e-01
9.953605507144643871e-01
9.953542517197361272e-01
9.953630486875905126e-01
9.953529562293748079e-01
9.953481547004231489e-01
9.953403488815120159e-01
9.953296995358671406e-01
9.953222190767508915e-01
9.953246293641645481e-01
9.953278591862697589e-01
9.953432962838796305e-01
9.953470633291444658e-01
9.953445689657008932e-01
9.953473861773532994e-01
9.953654232051624140e-01
9.953636567247483580e-01
9.953627279956709373e-01
9.953562454076496646e-01
9.953579740795460706e-01
9.953581019936763585e-01
9.953582586159560597e-01
9.953528198585666065e-01
9.953496929011733663e-01
9.953516651194127540e-01
9.953500855324853847e-01
9.953499301959304324e-01
9.953475092029629989e-01
9.953419940165402213e-01
9.953415864281115466e-01
9.953364937746586039e-01
9.953313046439332679e-01
9.953365703556470434e-01
9.953460035027900110e-01
