9.999902419443104096e-01
9.999756261125373191e-01
9.999542215105096110e-01
9.999238907927874287e-01
9.998889780964780316e-01
9.998662454380962128e-01
9.998361371868710323e-01
9.998087440513365731e-01
9.997808445298210778e-01
9.997728530023691773e-01
9.997475735092091753e-01
9.997269472264982415e-01
9.997109697492865266e-01
9.996999624482451052e-01
9.996826211160264597e-01
9.996772138678500230e-01
9.996728888648266365e-01
9.996773188607267491e-01
9.996777581117087808e-01
9.996729389155062373e-01
9.996709540667934046e-01
9.996784689278888081e-01
9.996709498466712640e-01
9.996618882545409424e-01
9.996469634719660213e-01
9.996409504859222750e-01
9.996172985685638501e-01
9.996025181327180542e-01
9.995940072283351352e-01
9.995829406934347849e-01
9.995792206114791911e-01
9.995616475135068457e-01
9.995474800995057807e-01
9.995271396924750862e-01
9.995089228580260610e-01
9.994842884306561759e-01
9.994656071616777604e-01
9.994522411583177668e-01
9.994426463342327427e-01
9.994428953717504616e-01
9.994423622507395688e-01
