9.999906381707279746e-01
9.999900030577018040e-01
9.999900586486499821e-01
9.999900423965722984e-01
9.999900482445908123e-01
9.999900711160792932e-01
9.999852834844128457e-01
9.999901036611549277e-01
9.999904700913261335e-01
9.999912116307514420e-01
9.999900788418977227e-01
9.999901858534034904e-01
9.999903017799834926e-01
9.999901091162006761e-01
9.999905761856493491e-01
9.999901187352701060e-01
9.999900823516658654e-01
9.999906915013490050e-01
9.999901459338679244e-01
9.999903053063680103e-01
9.999900354235752298e-01
9.999900031713402360e-01
9.999901499788704795e-01
9.999903416084324759e-01
9.999902555833409812e-01
9.999908612184238432e-01
9.999903503771175872e-01
9.999908351882619284e-01
9.999908052644523870e-01
9.999904317614891625e-01
9.999902612064701657e-01
9.999900356399734624e-01
9.999900200965358144e-01
9.999900044363165819e-01
9.999904036187504675e-01
9.999900087929232129e-01
9.999900730126197734e-01
9.999900178634507641e-01
9.999902012845175436e-01
9.999902732063309374e-01
9.999900260660424811e-01
