3.963000000000000000e+03
2.333000000000000000e+03
4.249000000000000000e+03
6.624000000000000000e+03
6.360000000000000000e+03
1.923900000000000000e+04
2.000000000000000000e+04
1.135000000000000000e+04
5.761000000000000000e+03
9.963000000000000000e+03
1.006000000000000000e+03
1.506000000000000000e+03
2.562000000000000000e+03
2.865000000000000000e+03
3.025000000000000000e+03
1.143000000000000000e+03
1.246000000000000000e+03
4.084000000000000000e+03
2.856000000000000000e+03
3.151000000000000000e+03
2.851000000000000000e+03
4.394000000000000000e+03
5.830000000000000000e+02
5.420000000000000000e+02
6.440000000000000000e+02
1.457000000000000000e+03
1.178000000000000000e+03
1.241000000000000000e+03
1.337000000000000000e+03
8.430000000000000000e+02
7.070000000000000000e+02
3.780000000000000000e+02
3.070000000000000000e+02
3.240000000000000000e+02
3.410000000000000000e+02
3.260000000000000000e+02
3.430000000000000000e+02
3.420000000000000000e+02
3.760000000000000000e+02
3.180000000000000000e+02
2.120000000000000000e+02
