4.906483016280844406e-02
1.677035005925625877e-01
9.482455885225810066e-02
4.505311133414929836e-01
7.213965706253998578e-01
3.112630131191607696e-01
2.400484698214631341e-01
4.966694674577420976e-01
3.482655852778874239e-01
2.862845488392471438e-01
1.793353487642410371e-01
8.462074954133581572e-01
1.978364758052611194e-01
1.429901945491977022e-01
1.718979825072676493e-01
3.880268410667240819e-01
2.284751082431900893e-01
3.103483494419013722e-01
1.456055072252348814e-01
1.735277820424442896e-01
1.790539980967921219e-01
2.348782350516363526e-01
3.383008378959483364e-01
9.456086055590205014e-03
1.253870377264656721e-01
2.430989404403391396e-01
3.025656590939973523e-01
8.505703358224421251e-01
1.467220610190135943e+00
1.707274245689968550e+00
1.756991346523876452e+00
1.500438413915205826e+00
1.253256402003913861e+00
9.537489296839026798e-01
6.532280806500938564e-01
3.550627771049463255e-01
6.738186408158819418e-02
1.982260819344962288e-01
4.033248202964009876e-01
5.619416421927411198e-01
6.675969458153330205e-01
