2.642848834011050085e-01
2.769232648851416845e-01
2.987574293035691886e-01
3.275182618859422967e-01
3.609601255267505526e-01
3.947128243838871620e-01
4.303976796820531137e-01
4.664003061611458056e-01
4.977376271449615586e-01
5.253200239078142930e-01
5.457030557807230897e-01
5.594625546285558748e-01
5.754440109440697171e-01
5.834018982265514186e-01
5.890342650642194089e-01
5.912615088528879737e-01
5.895550144261559877e-01
5.886315494164635620e-01
5.865752240212909197e-01
5.867046643905088343e-01
5.882525486489660338e-01
5.918849453258658855e-01
5.975995906366706745e-01
6.023429145784942040e-01
6.110777939860660979e-01
6.208415796891936234e-01
6.309630007877674585e-01
6.447148760774771281e-01
6.594470305512679653e-01
6.723118475147294992e-01
6.846378411773016426e-01
6.958563856556266858e-01
7.083801321786382665e-01
7.220620633788510379e-01
7.374380057543442613e-01
7.545504044840166680e-01
7.732664096420222011e-01
7.932469782791026214e-01
8.141416896279279891e-01
8.349776195053743022e-01
8.547762806419063608e-01
