9.291317836258605745e-01
9.161687529628449456e-01
8.946838845296177789e-01
8.667307586536978636e-01
8.343074430735465397e-01
8.005245573931741854e-01
7.649902676481867836e-01
7.290865552110850079e-01
6.980249688404821518e-01
6.714134985203281669e-01
6.522665703227853440e-01
6.383649012036758386e-01
6.206878511488235217e-01
6.130460926219917228e-01
6.076051442663469304e-01
6.053565816462673776e-01
6.077256660210155204e-01
6.085529747542272050e-01
6.106169171831594689e-01
6.101208731295125753e-01
6.085768986503105049e-01
6.049798504115461162e-01
5.992350211189269027e-01
5.946421394973275820e-01
5.859573305244837327e-01
5.762293138440838236e-01
5.662445927909107724e-01
5.524261759735386024e-01
5.348922224892106447e-01
5.220351328263894697e-01
5.097623124090623348e-01
4.991381155060617969e-01
4.865719939583658671e-01
4.728653677982721515e-01
4.575759353262088824e-01
4.404479238797500140e-01
4.216756718904967616e-01
4.016527413422062431e-01
3.807487476100269164e-01
3.599512869228708167e-01
3.401038388844294102e-01
