1.722162055906147765e-02
1.201988508829722815e-02
3.227048201206008521e-02
7.690033885554992121e-02
9.158894345275359061e-02
7.069114804165507748e-02
1.191183526949073090e-01
3.636887063781164137e-02
8.431793246574481593e-02
2.668362477350582074e-01
8.508400262934576741e-01
1.454995205834351824e+00
6.201477342981053242e-01
6.297164144684249676e-01
3.603278653163955458e-01
1.465093094484458958e-01
4.113545296227947845e-01
3.158841168599212379e-01
4.759059935491090632e-01
3.886586054784712529e-01
3.844877395948803067e-01
3.368021701970226878e-01
2.295921105560916886e-01
5.888415828910741334e-01
4.840688750764249870e-01
3.689521868460136633e-01
3.290605264247148942e-01
3.146239067192982963e-01
1.590232193428620100e+00
1.950647087117766354e+00
2.087521062434650077e+00
1.720720997240069439e+00
1.470715678434368678e+00
1.116936806806392513e+00
6.985855317752153182e-01
2.532845057079948781e-01
2.315876078638880731e-01
7.596537087105715846e-01
1.260682029974611096e+00
1.752761838600247035e+00
2.155984555205269437e+00
