9.999745647018571937e-01
9.999832173289567860e-01
9.999857055169528719e-01
9.999595259943248049e-01
9.998810495482720606e-01
9.999587688420581433e-01
9.999471350929016733e-01
9.998364300000310845e-01
9.999260645831226091e-01
9.998907950267620359e-01
9.998923544873521418e-01
9.994597967812153261e-01
9.998779734598520763e-01
9.998789587607646023e-01
9.998231958033501066e-01
9.999650360405719640e-01
9.998967977475012869e-01
9.999514541327634287e-01
9.998661450507735360e-01
9.998932070438164565e-01
9.999901022875263834e-01
9.999904789852410714e-01
9.999902899392428823e-01
9.998521987892757812e-01
9.998014729561945924e-01
9.999909997877292067e-01
9.998392678264521605e-01
9.996338202504819748e-01
9.991037598488773375e-01
9.996623537295874495e-01
9.998159862387947516e-01
9.997031493984902539e-01
9.999901700857506404e-01
9.999900283559701730e-01
9.999900054432132590e-01
9.999900901931653152e-01
9.999901500667105481e-01
9.999903999551931211e-01
9.999903578854369979e-01
9.999900695302704756e-01
9.999901102528604424e-01
