9.954680437722522868e-01
9.954726224188932271e-01
9.954178065283035837e-01
9.954103672879676123e-01
9.954188923137742284e-01
9.954455080087221130e-01
9.954160995860412697e-01
9.953785383684788934e-01
9.953537270307478702e-01
9.953650110657679129e-01
9.954362423649419922e-01
9.955349224693642585e-01
9.956067694252952460e-01
9.954561805533123087e-01
9.954907863497104437e-01
9.955276625675321123e-01
9.955131475346162828e-01
9.955469560627755454e-01
9.955448211297425187e-01
9.955846946898769811e-01
9.955976957096480673e-01
9.956047002761754250e-01
9.956074472317993918e-01
9.956050040993640327e-01
9.956208681103304592e-01
9.956213479059631277e-01
9.956260659124428480e-01
9.956231301173459336e-01
9.955971339809180920e-01
9.955851794449854797e-01
9.955564128915732613e-01
9.955558448313820419e-01
9.955384845678095784e-01
9.955414407601245186e-01
9.955390479224561773e-01
9.955434394387764341e-01
9.955398678556232062e-01
9.955369988006697035e-01
9.955331553449184856e-01
9.955356053371415825e-01
9.955431539939910701e-01
