9.999734729130718147e-01
9.999471090036753385e-01
9.999169918028635307e-01
9.998392509718830867e-01
9.995969492357263952e-01
9.995148321365704414e-01
9.994029624302589454e-01
9.991347559560987968e-01
9.989368742741820961e-01
9.987902383221277658e-01
9.985457371733755805e-01
9.973245369175923747e-01
9.976332982265095906e-01
9.977596492722551336e-01
9.970457158519777652e-01
9.971491095501752167e-01
9.972095603190215263e-01
9.970457599683254513e-01
9.967472914331829692e-01
9.967003370820058938e-01
9.967202346324833817e-01
9.967496908281039403e-01
9.967456826680187731e-01
9.966671838244907100e-01
9.968787991893512945e-01
9.968874169917658623e-01
9.966089008695359075e-01
9.958752408364329733e-01
9.954152818581665230e-01
9.955675999118407393e-01
9.956156180497311992e-01
9.954449257293365161e-01
9.954491810272217966e-01
9.954535063422402796e-01
9.954765406081872436e-01
9.954803673484784454e-01
9.954850291192270939e-01
9.954562345855684224e-01
9.954748516287368343e-01
9.954813087510617775e-01
9.955005266198688751e-01
