2.000000000000000000e+03
2.000000000000000000e+03
2.000000000000000000e+03
2.000000000000000000e+03
2.000000000000000000e+03
2.000000000000000000e+03
2.000000000000000000e+03
2.000000000000000000e+03
2.000000000000000000e+03
2.000000000000000000e+03
2.000000000000000000e+03
2.000000000000000000e+03
2.000000000000000000e+03
2.000000000000000000e+03
2.000000000000000000e+03
2.000000000000000000e+03
2.000000000000000000e+03
2.000000000000000000e+03
2.000000000000000000e+03
2.000000000000000000e+03
1.401000000000000000e+03
1.298000000000000000e+03
1.405000000000000000e+03
2.000000000000000000e+03
2.000000000000000000e+03
9.640000000000000000e+02
2.000000000000000000e+03
2.000000000000000000e+03
2.000000000000000000e+03
2.000000000000000000e+03
2.000000000000000000e+03
2.000000000000000000e+03
6.820000000000000000e+02
4.690000000000000000e+02
3.930000000000000000e+02
4.630000000000000000e+02
5.180000000000000000e+02
9.030000000000000000e+02
9.160000000000000000e+02
7.960000000000000000e+02
3.760000000000000000e+02
